0.544
0.598
0.82
0.57
0.498
0.793
0.17
0.008
0.398
0.83
0.775
0.068
0.559
0.979
0.448
0.779
0.278
0.012
0.078
0.119
0.821
0.899
0.903
0.702
0.677
0.842
0.217
0.049
0.818
0.667
0.625
0.831
0.726
0.831
0.252
0.119
0.353
0.04
0.446
0.042
0.161
0.31
0.557
0.692
0.548
0.975
0.156
0.9
0.503
0.026
0.86
0.101
0.717
0.031
0.572
0.612
0.024
0.469
0.642
0.17
0.674
0.98
0.485
0.516
0.637
0.544
0.535
0.767
0.13
0.074
0.913
0.945
0.139
0.54
0.978
0.013
0.451
0.307
0.781
0.297
0.258
0.73
0.194
0.469
0.385
0.793
0.788
0.628
0.697
0.013
0.487
0.224
0.583
0.094
0.719
0.224
0.434
0.398
0.719
0.206
0.715
0.157
0.233
0.81
0.171
0.086
0.789
0.641
0.04
0.61
0.056
0.896
0.069
0.485
0.876
0.708
0.621
0.81
0.777
0.075
0.766
0.53
0.022
0.839
0.793
0.825
0.325
0.973
0.188
0.708
0.909
0.407
0.079
0.229
0.205
0.655
0.103
0.432
0.521
0.386
0.16
0.946
0.224
0.122
0.521
0.493
0.184
0.793
0.559
0.946
0.338
0.149
0.466
0.959
0.065
0.058
0.308
0.82
0.925
0.839
0.56
0.716
0.83
0.753
0.967
0.19
0.369
0.575
0.134
0.502
0.145
0.892
0.945
0.458
0.978
0.953
0.845
0.909
0.767
0.663
0.551
0.548
0.454
0.169
0.242
0.706
0.964
0.156
0.678
0.239
0.84
0.042
0.956
0.747
0.644
0.524
0.003
0.677
0.152
0.659